2493076
2493077
2493078
2493079
2493080
2493081
2493082
2493083
2493084
2493085
2493086
2493087
2493088
2493089
2493090
2493091
2493092
2493093
2493094
2493095
2493096
2493097
2493098
2493099
2493100
2493101
2493102
2493103
2493104
2493105
2493106
2493107
2493108
2493109
2493110
2493111
2493112
2493114
2493115
2493116
2493117
2493118
2493119
2493120
2493121
2493122
2493123
2493124
2493125
2493126
2493127
2493128
2493129
2493130
2493131
2493132
2493133
2493134
2493135
2493136
2493137
2493138
2493139
2493140
2493141
2493142
2493143
2493144
2493145
2493146
2493147
2493148
2493149
2493150
2493151
2493152
2493153
2493154
2493155
2493156
2493157
2493158
2493159
2493160
2493161
2493162
2493163
2493164
2493165
2493166
2493167
2493168
2493169
2493170
2493171
2493172
2493173
2493174
2493175
2493176
2493177
2493178
2493179
2493180
2493181
2493182
2493183
2493184
2493185
2493186
2493187
2493188
2493189
2493190
2493191
2493192
2493193
2493194
2493195
2493196
2493197
2493198
2493199
2493200
2493201
2493202
2493203
2493204
2493205
2493206
2493207
2493208
2493209
2493210
2493211
2493212
2493213
2493214
2493215
2493216
2493217
2493218
2493219
2493220
2493221
2493222
2493223
2493224
2493225
2493226
2493227
2493228
2493229
2493230
2493231
2493232
2493233
2493234
2493235
2493236
2493237
2493238
2493239
2493240
2493241
2493242
2493243
2493244
2493245
2493246
2493247
2493248
2493249
2493250
2493251
2493252
2493253
2493254
2493255
2493256
2493257
2493258
2493259
2493260
2493261
2493262
2493263
2493264
2493265
2493266
2493267
2493268
2493269
2493270
2493271
2493272
2493273
2493274
2493275
2493276
2493277
2493278
2493279
2493280
2493281
2493282
2493283
2493284
2493285
2493286
2493287
2493288
2493289
2493290
2493291
2493292
2493293
2493294
2493295
2493296
2493297
2493298
2493299
2493300
2493301
2493302
2493303
2493304
2493305
2493306
2493307
2493308
2493309
2493310
2493311
2493312
2493313
2493314
2493315
2493316
2493317
2493318
2493319
2493320
2493321
2493322
2493323
2493324
2493325
2493326
2493327
2493328
2493329
2493330
2493331
2493332
2493333
2493334
2493335
2493336
2493337
2493338
2493339
2493340
2493341
2493342
2493343
2493344
2493345
2493346
2493347
2493349
2493350
2493351
2493352
2493353
2493354
2493355
2493356
2493357
2493358
2493359
2493360
2493361
2493362
2493363
2493364
2493365
2493366
2493367
2493368
2493369
2493370
2493371
2493372
2493373
2493374
2493375
2493376
2493377
2493378
2493379
2493380
2493381
2493382
2493383
2493384
2493385
2493386
2493387
2493388
2493389
2493390
2493391
2493392
2493393
2493394
2493395
2493396
2493397
2493398
2493399
2493400
2493401
2493402
2493403
2493404
2493405
2493406
2493407
2493408
2493409
2493410
2493411
2493412
2493413
2493414
2493415
2493416
2493417
2493418
2493419
2493420
2493421
2493422
2493423
2493424
2493425
2493426
2493427
2493428
2493429
2493430
2493431
2493432
2493433
2493434
2493435
2493436
2493437
2493438
2493439
2493440
2493441
2493442
2493443
2493444
2493445
2493446
2493447
2493448
2493449
2493450
2493451
2493452
2493453
2493454
2493455
2493456
2493457
2493458
2493459
2493460
2493461
2493462
2493463
2493464
2493465
2493466
2493467
2493468
2493469
2493470
2493471
2493472
2493473
2493474
2493475
2493476
2493477
2493478
2493479
2493480
2493481
2493482
2493483
2493484
2493485
2493486
2493487
2493488
2493489
2493490
2493491
2493492
2493493
2493494
2493495
2493496
2493497
2493498
2493499
2493500
2493501
2493502
2493503
2493504
2493505
2493506
2493507
2493508
2493509
2493510
2493511
2493512
2493513
2493514
2493515
2493516
2493517
2493518
2493519
2493520
2493521
2493522
2493523
2493524
2493525
2493526
2493527
2493528
2493529
2493530
2493531
2493532
2493533
2493534
2493535
2493537
2493538
2493539
2493540
2493541
2493542
2493543
2493544
2493545
2493546
2493547
2493548
2493549
2493550
2493551
2493552
2493553
2493554
2493555
2493556
2493557
2493558
2493559
2493560
2493561
2493562
2493563
2493564
2493565
2493566
2493567
2493568
2493569
2493570
2493571
2493572
2493573
2493574
2493575
2493576
2493577
2493578
2493579
2493580
2493581
2493582
2493583
2493584
2493585
2493586
2493587
2493588
2493589
2493590
2493591
2493592
2493593
2493594
2493595
2493596
2493597
2493598
2493599
2493600
2493601
2493602
2493603
2493604
2493605
2493606
2493608
2493609
2493610
2493611
2493612
2493613
2493614
2493615
2493616
2493617
2493618
2493619
2493620
2493621
2493622
2493623
2493624
2493625
2493626
2493627
2493628
2493629
2493630
2493631
2493632
2493633
2493634
2493635
2493636
2493637
2493638
2493639
2493640
2493641
2493642
2493643
2493644
2493645
2493646
2493647
2493648
2493649
2493650
2493651
2493652
2493653
2493654
2493655
2493656
2493657
2493658
2493659
2493660
2493661
2493662
2493663
2493664
2493665
2493666
2493667
2493668
2493669
2493670
2493671
2493672
2493673
2493674
2493675
2493676
2493677
2493678
2493679
2493680
2493681
2493682
2493683
2493684
2493685
2493686
2493687
2493688
2493689
2493690
2493691
2493692
2493693
2493694
2493695
2493696
2493697
2493698
2493699
2493700
2493701
2493702
2493703
2493704
2493705
2493706
2493707
2493708
2493709
2493710
2493711
2493712
2493713
2493714
2493715
2493716
2493717
2493718
2493719
2493720
2493721
2493722
2493723
2493724
2493725
2493726
2493727
2493728
2493729
2493730
2493731
2493732
2493733
2493734
2493735
2493736
2493737
2493738
2493739
2493740
2493741
2493742
2493743
2493744
2493745
2493746
2493747
2493748
2493749
2493750
2493751
2493752
2493753
2493754
2493755
2493756
2493757
2493758
2493759
2493760
2493761
2493762
2493763
2493764
2493765
2493766
2493767
2493768
2493769
2493770
2493771
2493772
2493773
2493774
2493775
2493776
2493777
2493778
2493779
2493780
2493781
2493782
2493783
2493784
2493785
2493786
2493787
2493788
2493789
2493790
2493791
2493792
2493793
2493794
2493795
2493796
2493797
2493798
2493799
2493800
2493801
2493802
2493803
2493804
2493805
2493806
2493807
2493808
2493809
2493810
2493811
2493812
2493813
2493814
2493815
2493816
2493817
2493818
2493819
2493820
2493821
2493822
2493823
2493824
2493825
2493826
2493827
2493828
2493829
2493830
2493831
2493832
2493833
2493834
2493835
2493836
2493837
2493838
2493839
2493840
2493841
2493842
2493843
2493844
2493845
2493846
2493847
2493848
2493849
2493850
2493851
2493852
2493853
2493854
2493855
2493856
2493857
2493858
2493859
2493860
2493861
2493862
2493863
2493864
2493865
2493866
2493867
2493868
2493869
2493870
2493871
2493873
2493874
2493875
2493876
2493877
2493878
2493879
2493880
2493881
2493882
2493883
2493884
2493885
2493886
2493887
2493888
2493889
2493890
2493891
2493892
2493893
2493894
2493895
2493896
2493897
2493898
2493899
2493900
2493901
2493902
2493903
2493904
2493905
2493906
2493907
2493908
2493909
2493910
2493911
2493912
2493913
2493914
2493915
2493916
2493917
2493918
2493919
2493920
2493921
2493922
2493923
2493924
2493925
2493926
2493927
2493928
2493929
2493930
2493931
2493932
2493933
2493934
2493935
2493936
2493937
2493938
2493939
2493940
2493941
2493942
2493943
2493944
2493945
2493946
2493947
2493948
2493949
2493950
2493951
2493952
2493953
2493954
2493955
2493956
2493957
2493958
2493959
2493960
2493961
2493962
2493963
2493964
2493965
2493966
2493967
2493968
2493969
2493970
2493971
2493972
2493973
2493974
2493975
2493976
2493977
2493978
2493980
2493981
2493982
2493983
2493984
2493985
2493986
2493987
2493988
2493989
2493990
2493991
2493992
2493993
2493994
2493995
2493996
2493997
2493998
2493999
2494000
2494001
2494002
2494003
2494004
2494005
2494006
2494007
2494008
2494009
2494010
2494011
2494012
2494013
2494015
2494016
2494017
2494018
2494019
2494020
2494021
2494022
2494023
2494024
2494025
2494026
2494027
2494028
2494029
2494030
2494031
2494032
2494033
2494034
2494035
2494036
2494037
2494038
2494039
2494040
2494041
2494042
2494043
2494044
2494045
2494046
2494047
2494048
2494049
2494050
2494051
2494052
2494053
2494054
2494055
2494056
2494057
2494058
2494059
2494060
2494061
2494062
2494063
2494064
2494065
2494066
2494067
2494068
2494069
2494070
2494071
2494072
2494073
2494074
2494076
2494077
2494078
2494079
2494080
2494081
2494082
2494083
2494084
2494085
2494086
2494087
2494088
2494089
2494090
2494091
2494092
2494093
2494094
2494095
2494096
2494097
2494098
2494099
2494100
2494101
2494102
2494103
2494104
2494105
2494106
2494107
2494108
2494109
2494110
2494111
2494112
2494113
2494114
2494115
2494116
2494117
2494118
2494119
2494120
2494121
2494122
2494123
2494124
2494125
2494126
2494127
2494128
2494129
2494130
2494131
2494132
2494133
2494134
2494135
2494136
2494137
2494138
2494139
2494140
2494141
2494142
2494143
2494144
2494145
2494146
2494147
2494148
2494149
2494150
2494151
2494152
2494153
2494154
2494155
2494156
2494157
2494158
2494159
2494160
2494161
2494162
2494163
2494164
2494165
2494166
2494167
2494168
2494169
2494170
2494171
2494172
2494173
2494174
2494175
2494176
2494177
2494178
2494179
2494180
2494181
2494182
2494183
2494184
2494185
2494186
2494187
2494188
2494189
2494190
2494191
2494192
2494193
2494194
2494195
2494196
2494198
2494199
2494200
2494201
2494202
2494203
2494204
2494205
2494206
2494207
2494208
2494209
2494210
2494211
2494212
2494213
2494214
2494215
2494216
2494217
2494218
2494219
2494220
2494221
2494222
2494223
2494224
2494225
2494226
2494227
2494228
2494229
2494230
2494231
2494232
2494233
2494234
2494235
2494236
2494237
2494238
2494240
2494241
2494242
2494243
2494244
2494246
2494247
2494248
2494249
2494250
2494251
2494252
2494253
2494254
2494255
2494256
2494257
2494259
2494260
2494261
2494262
2494263
2494264
2494265
2494266
2494267
2494268
2494269
2494270
2494271
2494272
2494273
2494274
2494275
2494276
2494277
2494278
2494279
2494280
2494281
2494282
2494283
2494284
2494285
2494286
2494287
2494288
2494289
2494290
2494291
2494292
2494293
2494294
2494295
2494296
2494297
2494298
2494299
2494300
2494301
2494302
2494303
2494304
2494305
2494306
2494307
2494308
2494309
2494310
2494311
2494312
2494313
2494314
2494315
2494316
2494317
2494318
2494319
2494320
2494321
2494322
2494323
2494324
2494325
2494326
2494327
2494328
2494329
2494330
2494331
2494332
2494333
2494334
2494335
2494336
2494337
2494338
2494339
2494340
2494341
2494342
2494343
2494344
2494345
2494346
2494347
2494348
2494349
2494350
2494352
2494353
2494354
2494355
2494356
2494357
2494358
2494359
2494360
2494361
2494362
2494363
2494364
2494365
2494366
2494367
2494368
2494369
2494370
2494371
2494372
2494373
2494374
2494375
2494376
2494377
2494378
2494379
2494380
2494382
2494383
2494384
2494385
2494386
2494387
2494388
2494389
2494390
2494391
2494392
2494393
2494394
2494395
2494396
2494397
2494398
2494399
2494400
2494401
2494402
2494403
2494404
2494405
2494406
2494407
2494408
2494409
2494410
2494411
2494412
2494414
2494415
2494416
2494417
2494418
2494419
2494420
2494421
2494422
2494423
2494424
2494425
2494426
2494427
2494428
2494429
2494430
2494431
2494432
2494433
2494434
2494435
2494436
2494437
2494438
2494439
2494440
2494441
2494442
2494443
2494444
2494445
2494446
2494447
2494448
2494449
2494450
2494451
2494452
2494453
2494454
2494455
2494456
2494457
2494458
2494459
2494460
2494461
2494462
2494463
2494464
2494465
2494466
2494467
2494468
2494469
2494470
2494471
2494472
2494473
2494474
2494475
2494477
2494478
2494479
2494480
2494481
2494482
2494483
2494484
2494485
2494486
2494487
2494488
2494489
2494490
2494491
2494492
2494493
2494494
2494495
2494496
2494497
2494498
2494499
2494500
2494501
2494502
2494503
2494504
2494505
2494506
2494507
2494508
2494509
2494510
2494511
2494512
2494513
2494514
2494515
2494516
2494517
2494518
2494519
2494520
2494521
2494522
2494523
2494524
2494525
2494526
2494527
2494528
2494529
2494530
2494531
2494532
2494533
2494534
2494535
2494536
2494537
2494538
2494539
2494540
2494541
2494542
2494543
2494544
2494545
2494546
2494547
2494548
2494549
2494550
2494551
2494552
2494554
2494555
2494556
2494557
2494558
2494559
2494560
2494561
2494563
2494564
2494565
2494566
2494567
2494568
2494569
2494570
2494571
2494572
2494573
2494574
2494575
2494576
2494577
2494578
2494579
2494580
2494581
2494582
2494583
2494584
2494585
2494586
2494587
2494588
2494589
2494590
2494591
2494592
2494593
2494594
2494595
2494596
2494597
2494598
2494599
2494600
2494601
2494602
2494603
2494604
2494605
2494606
2494607
2494608
2494609
2494610
2494611
2494612
2494613
2494614
2494615
2494616
2494618
2494619
2494620
2494621
2494622
2494623
2494624
2494625
2494626
2494627
2494628
2494629
2494630
2494631
2494632
2494633
2494634
2494635
2494636
2494637
2494638
2494639
2494640
2494641
2494642
2494643
2494644
2494645
2494646
2494647
2494648
2494649
2494650
2494651
2494652
2494653
2494654
2494655
2494656
2494657
2494658
2494659
2494660
2494661
2494662
2494663
2494664
2494665
2494666
2494667
2494669
2494670
2494671
2494672
2494673
2494674
2494675
2494676
2494677
2494678
2494679
2494680
2494681
2494682
2494683
2494684
2494685
2494686
2494687
2494688
2494689
2494690
2494692
2494693
2494694
2494695
2494696
2494697
2494698
2494699
2494700
2494701
2494702
2494703
2494704
2494705
2494706
2494707
2494708
2494709
2494710
2494711
2494712
2494713
2494714
2494715
2494716
2494717
2494718
2494719
2494720
2494721
2494722
2494723
2494724
2494725
2494726
2494727
2494728
2494729
2494730
2494731
2494732
2494733
2494734
2494735
2494736
2494737
2494738
2494739
2494740
2494741
2494742
2494744
2494745
2494746
2494747
2494749
2494750
2494751
2494752
2494753
2494754
2494755
2494756
2494757
2494758
2494759
2494760
2494761
2494762
2494763
2494764
2494765
2494766
2494767
2494768
2494769
2494770
2494771
2494772
2494773
2494774
2494775
2494776
2494777
2494778
2494779
2494780
2494781
2494782
2494783
2494784
2494785
2494787
2494788
2494789
2494790
2494792
2494793
2494794
2494795
2494796
2494797
2494798
2494799
2494800
2494801
2494802
2494803
2494804
2494805
2494806
2494807
2494808
2494809
2494810
2494812
2494813
2494814
2494815
2494816
2494817
2494818
2494819
2494820
2494821
2494822
2494823
2494824
2494825
2494826
2494827
2494828
2494829
2494830
2494831
2494833
2494834
2494835
2494836
2494837
2494838
2494839
2494840
2494841
2494842
2494843
2494844
2494845
2494846
2494847
2494848
2494849
2494852
2494853
2494854
2494855
2494856
2494857
2494858
2494859
2494860
2494861
2494862
2494863
2494864
2494865
2494866
2494867
2494868
2494869
2494870
2494871
2494872
2494873
2494874
2494875
2494876
2494877
2494878
2494879
2494880
2494881
2494882
2494883
2494884
2494885
2494886
2494887
2494888
2494889
2494890
2494891
2494892
2494893
2494894
2494895
2494896
2494897
2494898
2494899
2494901
2494902
2494903
2494904
2494905
2494906
2494907
2494908
2494909
2494910
2494911
2494912
2494913
2494914
2494915
2494916
2494917
2494918
2494919
2494920
2494921
2494922
2494923
2494924
2494925
2494926
2494928
2494929
2494930
2494931
2494932
2494933
2494934
2494935
2494936
2494937
2494938
2494939
2494940
2494941
2494942
2494943
2494944
2494945
2494946
2494947
2494948
2494949
2494950
2494951
2494952
2494953
2494954
2494955
2494956
2494957
2494958
2494959
2494960
2494961
2494962
2494963
2494964
2494965
2494966
2494967
2494968
2494969
2494970
2494971
2494972
2494973
2494974
2494975
2494976
2494977
2494978
2494979
2494980
2494981
2494982
2494983
2494984
2494985
2494986
2494987
2494988
2494989
2494990
2494991
2494992
2494993
2494994
2494995
2494996
2494997
2494998
2494999
2495000
2495001
2495002
2495003
2495004
2495005
2495006
2495007
2495008
2495009
2495010
2495011
2495012
2495013
2495014
2495015
2495016
2495017
2495018
2495019
2495020
2495021
2495022
2495023
2495024
2495025
2495026
2495027
2495028
2495029
2495030
2495031
2495032
2495033
2495034
2495035
2495036
2495037
2495038
2495039
2495040
2495041
2495042
2495043
2495044
2495045
2495046
2495047
2495048
2495049
2495050
2495051
2495052
2495053
2495054
2495055
2495056
2495057
2495058
2495059
2495060
2495061
2495062
2495063
2495064
2495065
2495066
2495067
2495068
2495069
2495070
2495071
2495072
2495073
2495074
2495075
2495076
2495077
2495078
2495079
2495080
2495081
2495082
2495083
2495084
2495085
2495086
2495087
2495088
2495089
2495090
2495091
2495092
2495093
2495094
2495095
2495096
2495097
2495098
2495099
2495100
2495101
2495102
2495103
2495104
2495105
2495106
2495107
2495108
2495109
2495110
2495111
2495112
2495113
2495114
2495115
2495116
2495117
2495118
2495119
2495120
2495121
2495122
2495123
2495124
2495125
2495126
2495127
2495128
2495129
2495130
2495131
2495132
2495133
2495134
2495135
2495136
2495137
2495138
2495139
2495140
2495141
2495142
2495143
2495144
2495145
2495146
2495147
2495148
2495149
2495150
2495151
2495152
2495153
2495154
2495155
2495156
2495157
2495158
2495159
2495160
2495161
2495162
2495163
2495164
2495165
2495166
2495167
2495168
2495169
2495170
2495171
2495172
2495173
2495174
2495175
2495176
2495177
2495178
2495179
2495180
2495181
2495182
2495183
2495184
2495185
2495186
2495187
2495188
2495189
2495190
2495191
2495192
2495193
2495194
2495195
2495196
2495197
2495198
2495199
2495200
2495201
2495202
2495203
2495204
2495205
2495206
2495207
2495208
2495209
2495210
2495211
2495212
2495213
2495214
2495215
2495216
2495217
2495218
2495219
2495220
2495221
2495222
2495223
2495224
2495225
2495226
2495227
2495228
2495229
2495230
2495231
2495232
2495233
2495234
2495235
2495236
2495237
2495238
2495239
2495240
2495241
2495242
2495243
2495244
2495245
2495247
2495248
2495249
2495250
2495251
2495252
2495253
2495254
2495255
2495256
2495257
2495258
2495261
2495262
2495263
2495264
2495265
2495266
2495267
2495268
2495269
2495270
2495272
2495273
2495274
2495275
2495276
2495277
2495278
2495279
2495280
2495281
2495283
2495284
2495285
2495286
2495287
2495288
2495289
2495290
2495291
2495292
2495293
2495294
2495295
2495296
2495297
2495298
2495299
2495300
2495301
2495302
2495303
2495304
2495305
2495306
2495307
2495308
2495309
2495310
2495311
2495312
2495313
2495314
2495315
2495316
2495317
2495318
2495319
2495321
2495322
2495323
2495324
2495325
2495327
2495328
2495329
2495330
2495331
2495332
2495333
2495334
2495335
2495336
2495344
2495345
2495346
2495347
2495348
2495349
2495350
2495351
2495352
2495353
2495354
2495355
2495356
2495357
2495358
2495359
2495360
2495361
2495362
2495363
2495364
2495365
2495366
2495367
2495368
2495369
2495370
2495371
2495372
2495374
2495375
2495376
2495377
2495378
2495379
2495380
2495381
2495382
2495383
2495384
2495385
2495386
2495387
2495388
2495389
2495390
2495391
2495392
2495393
2495394
2495395
2495396
2495398
2495399
2495401
2495403
2495404
2495405
2495406
2495407
2495408
2495410
2495411
2495412
2495413
2495414
2495415
2495416
2495417
2495418
2495419
2495420
2495421
2495422
2495423
2495424
2495425
2495436
2495447
2495458
2495469
2495480
2495491
2495502
2495513
2495523
2495530
2495531
2495532
2495533
2495535
2495537
2495539
2495544
2495555
2495566
2495577
2495588
2495599
2495600
2495601
2495602
2495604
2495605
2495606
2495607
2495608
2495609
2495610
2495611
2495612
2495613
2495614
2495615
2495616
2495617
2495618
2495619
2495620
2495621
2495622
2495623
2495624
2495625
2495626
2495627
2495628
2495629
2495630
2495631
2495632
2495633
2495634
2495635
2495636
2495637
2495638
2495639
2495640
2495641
2495642
2495643
2495644
2495645
2495646
2495647
2495648
2495649
2495650
2495651
2495652
2495653
2495654
2495655
2495656
2495657
2495658
2495659
2495660
2495661
2495662
2495663
2495670
2495677
2495683
2495691
2495699
2495702
2495709
2495717
2495725
2495730
2495731
2495734
2495737
2495738
2495739
2495740
2495741
2495742
2495743
2495744
2495745
2495746
2495747
2495748
2495749
2495750
2495751
2495752
2495753
2495754
2495755
2495756
2495757
2495758
2495759
2495761
2495762
2495763
2495764
2495765
2495766
2495767
2495768
2495769
2495770
2495771
2495772
2495773
2495774
2495775
2495776
2495777
2495778
2495779
2495780
2495781
2495782
2495783
2495784
2495785
2495786
2495787
2495788
2495789
2495790
2495791
2495792
2495793
2495794
2495795
2495796
2495797
2495798
2495799
2495800
2495801
2495802
2495803
2495804
2495805
2495806
2495807
2495808
2495809
2495810
2495811
2495812
2495813
2495814
2495815
2495816
2495817
2495818
2495819
2495820
2495821
2495822
2495823
2495824
2495825
2495826
2495827
2495828
2495829
2495830
2495831
2495832
2495833
2495834
2495835
2495836
2495837
2495838
2495839
2495840
2495841
2495842
2495843
2495844
2495845
2495846
2495847
2495848
2495849
2495850
2495851
2495852
2495853
2495854
2495855
2495856
2495857
2495858
2495859
2495860
2495861
2495862
2495863
2495864
2495865
2495866
2495867
2495868
2495869
2495870
2495871
2495872
2495873
2495874
2495875
2495876
2495877
2495878
2495879
2495880
2495881
2495882
2495883
2495884
2495885
2495886
2495887
2495888
2495889
2495890
2495891
2495892
2495893
2495895
2495896
2495897
2495898
2495899
2495900
2495901
2495902
2495903
2495904
2495905
2495906
2495907
2495908
2495909
2495910
2495911
2495912
2495913
2495914
2495915
2495916
2495917
2495918
2495919
2495920
2495921
2495922
2495923
2495924
2495925
2495926
2495927
2495928
2495929
2495930
2495931
2495932
2495933
2495934
2495935
2495936
2495937
2495938
2495939
2495940
2495941
2495942
2495943
2495944
2495945
2495946
2495947
2495948
2495949
2495950
2495951
2495952
2495953
2495954
2495955
2495956
2495957
2495958
2495959
2495960
2495961
2495962
2495963
2495964
2495965
2495966
2495967
2495968
2495969
2495970
2495971
2495972
2495973
2495974
2495975
2495976
2495977
2495978
2495979
2495980
2495981
2495982
2495983
2495985
2495986
2495987
2495988
2495989
2495990
2495991
2495992
2495993
2495994
2495995
2495996
2495997
2495998
2495999
2496000
2496001
2496002
2496003
2496004
2496005
2496006
2496007
2496008
2496009
2496010
2496011
2496012
2496013
2496014
2496015
2496016
2496017
2496018
2496019
2496020
2496021
2496022
2496023
2496024
2496025
2496026
2496027
2496028
2496029
2496030
2496031
2496032
2496033
2496034
2496035
2496036
2496037
2496038
2496039
2496040
2496041
2496044
2496046
2496047
2496048
2496049
2496050
2496051
2496052
2496053
2496054
2496055
2496056
2496057
2496058
2496059
2496060
2496061
2496062
2496063
2496064
2496065
2496066
2496067
2496068
2496069
2496070
2496071
2496072
2496073
2496074
2496075
2496076
2496077
2496078
2496079
2496080
2496081
2496082
2496083
2496084
2496085
2496086
2496087
2496088
2496089
2496090
2496091
2496092
2496093
2496094
2496095
2496097
2496098
2496100
2496102
2496103
2496104
2496105
2496106
2496107
2496110
2496111
2496112
2496113
2496114
2496115
2496116
2496117
2496118
2496119
2496120
2496121
2496122
2496123
2496124
2496125
2496126
2496127
2496128
2496129
2496130
2496131
2496132
2496133
2496134
2496135
2496136
2496137
2496138
2496139
2496140
2496141
2496142
2496143
2496144
2496145
2496146
2496147
2496148
2496149
2496150
2496151
2496152
2496153
2496154
2496155
2496156
2496157
2496158
2496159
2496160
2496161
2496162
2496163
2496164
2496165
2496166
2496167
2496168
2496169
2496170
2496171
2496172
2496173
2496174
2496175
2496176
2496182
2496189
2496195
2496199
2496205
2496214
2496219
2496223
2496224
2496225
2496226
2496236
2496247
2496257
2496268
2496278
2496289
2496299
2496308
2496317
2496318
2496319
2496329
2496339
2496350
2496361
2496371
2496380
2496387
2496392
2496399
2496400
2496401
2496408
2496414
2496420
2496431
2496434
2496440
2496446
2496449
2496450
2496451
2496461
2496472
2496482
2496491
2496499
2496509
2496520
2496531
2496542
2496546
2496547
2496548
2496549
2496550
2496551
2496552
2496553
2496554
2496555
2496556
2496557
2496558
2496559
2496560
2496561
2496562
2496563
2496564
2496565
2496566
2496567
2496568
2496569
2496570
2496571
2496572
2496573
2496574
2496575
2496576
2496577
2496578
2496579
2496580
2496581
2496582
2496583
2496584
2496585
2496586
2496587
2496588
2496589
2496590
2496591
2496592
2496593
2496594
2496595
2496596
2496597
2496598
2496599
2496600
2496601
2496602
2496603
2496604
2496605
2496606
2496607
2496608
2496609
2496610
2496611
2496612
2496613
2496614
2496615
2496616
2496617
2496618
2496619
2496620
2496621
2496622
2496623
2496624
2496625
2496626
2496627
2496628
2496629
2496630
2496631
2496632
2496633
2496634
2496635
2496636
2496637
2496638
2496639
2496640
2496641
2496642
2496643
2496644
2496645
2496646
2496647
2496648
2496649
2496650
2496651
2496652
2496653
2496654
2496655
2496657
2496658
2496659
2496660
2496661
2496662
2496663
2496664
2496665
2496666
2496667
2496668
2496669
2496670
2496671
2496672
2496673
2496674
2496675
2496676
2496677
2496678
2496679
2496680
2496681
2496682
2496683
2496684
2496685
2496686
2496687
2496688
2496689
2496690
2496691
2496692
2496693
2496694
2496695
2496696
2496697
2496698
2496699
2496700
2496705
2496713
2496720
2496731
2496742
2496751
2496762
2496773
2496783
2496793
2496794
2496803
2496813
2496823
2496828
2496837
2496848
2496859
2496870
2496881
2496892
2496893
2496894
2496895
2496896
2496897
2496898
2496899
2496900
2496901
2496903
2496904
2496905
2496906
2496907
2496908
2496909
2496910
2496911
2496912
2496913
2496914
2496915
2496916
2496917
2496918
2496919
2496920
2496921
2496922
2496923
2496924
2496925
2496926
2496927
2496928
2496929
2496930
2496931
2496932
2496933
2496934
2496935
2496936
2496937
2496938
2496939
2496940
2496941
2496942
2496943
2496944
2496945
2496946
2496947
2496948
2496949
2496950
2496951
2496952
2496953
2496954
2496955
2496956
2496957
2496958
2496959
2496960
2496961
2496962
2496963
2496964
2496965
2496966
2496967
2496968
2496969
2496970
2496971
2496972
2496973
2496974
2496975
2496976
2496977
2496978
2496979
2496980
2496981
2496983
2496984
2496985
2496986
2496987
2496988
2496989
2496990
2496991
2496992
2496993
2496994
2496995
2496996
2496997
2496999
2497000
2497001
2497002
2497003
2497004
2497005
2497006
2497007
2497008
2497009
2497010
2497011
2497012
2497013
2497014
2497015
2497016
2497017
2497018
2497019
2497020
2497021
2497022
2497023
2497024
2497025
2497026
2497027
2497028
2497029
2497030
2497031
2497032
2497033
2497034
2497035
2497036
2497037
2497038
2497039
2497040
2497041
2497042
2497043
2497044
2497045
2497046
2497047
2497048
2497049
2497050
2497051
2497052
2497053
2497054
2497055
2497056
2497057
2497058
2497059
2497060
2497061
2497062
2497063
2497064
2497065
2497066
2497067
2497068
2497069
2497070
2497071
2497072
2497073
2502666
2502667
2502668
2502669
2502670
2502671
2502672
2502673
2502674
2502675
2502676
2502677
2502678
2502679
2502680
2502681
2502682
2502683
2502684
2502685
2502686
2502687
2502688
2502689
2502690
2502691
2502692
2502697
2502698
2502699
2502700
2502701
2502702
2502703
2502704
2502705
2502706
2502707
2502708
2502709
2502710
2502711
2502712
2502713
2502714
2505846
2505847
2505848
2505849
2505850
2505851
2505852
2505853
2505854
2505855
2505856
2505857
2505858
2505859
2505860
2505861
2505862
2505863
2505864
2505865
2505866
2505908
2505909
2505910
2505911
2505913
2508212
2508213
2508214
2508215
2508216
2508217
2508218
2508219
2508220
2508221
2508222
2508223
2508224
2508225
2508226
2508228
2508229
2508230
2508231
2508232
2508492
2508494
2508495
2508496
2508497
2508498
2508499
2508500
2508501
2508502
2508503
2508504
2508505
2508506
2508507
2508508
2508509
2508510
2508511
2508512
2508513
2508514
2508515
2508516
2508517
2539624
2539625
2539626
2539628
2539629
2539630
2539631
2539632
2539633
2539634
2539635
2539636
2539637
2539638
2539639
2539640
2539641
2539642
2539643
2539644
2539645
2540121
2540122
2584321
2584322
2584323
2584324
2584325
2584326
2584327
2584328
2584329
2584330
2584331
2584332
2584333
2584334
2584335
2584336
2584337
2584338
2584339
2594721
2594722
2594723
2594724
2594725
2594726
2594727
2594728
2594729
2594730
2594731
2594732
2594733
2594734
2594735
2594736
2594737
2594738
2594739
2594740
2594741
2594742
2594743
2594744
2594745
2594746
2594747
2594748
2594749
2594750
2594751
2594752
2594753
2594754
2594755
2594756
2594757
2594758
2594759
2594760
2594761
2594762
2594763
2594764
2594765
2594766
2594767
2594768
2594769
2594770
2594771
2594772
2594773
2594774
2594775
2594776
2594777
2594778
2594779
2594780
2594781
2594782
2594783
2594784
2594785
2594786
2594787
2594788
2594789
2594790
2594791
2594792
2594793
2594794
2594795
2594796
2594797
2594798
2594799
2594800
2594801
2594802
2594803
2594804
2594805
2594806
2594807
2594808
2594809
2594810
2594811
2594812
2594813
2594814
2594815
2594816
2594817
2594818
2594819
2594820
2594821
2594822
2594823
2594824
2594825
2594826
2594827
2594828
2594829
2594830
2594831
2594832
2594833
2594834
2594835
2594836
2594837
2594838
2594839
2594840
2594841
2594842
2594843
2594844
2594845
2594846
2594847
2594848
2594849
2594850
2594851
2594852
2594853
2594854
2594855
2594856
2594857
2594858
2594859
2594860
2594861
2594862
2594863
2594864
2594865
2594866
2594867
2594868
2594869
2594870
2594871
2594872
2594873
2594874
2594875
2594876
2594877
2594878
2594879
2594880
2594881
2594882
2594883
2594884
2594885
2594886
2594887
2594888
2594889
2594890
2594891
2594892
2594893
2594894
2594895
2594896
2594897
2594898
2594899
2594900
2594901
2594902
2594903
2594904
2594905
2594906
2594907
2594908
2594909
2594910
2594911
2594912
2594913
2594914
2594915
2594916
2594917
2594918
2594919
2594920
2594921
2594922
2594923
2594924
2594925
2594926
2594927
2594928
2594929
2594930
2594931
2594933
2594934
2594935
2594936
2594937
2594938
2594939
2594940
2594941
2594942
2594943
2594944
2594945
2594946
2594947
2594948
2594949
2594950
2594951
2594952
2594953
2594954
2594955
2594956
2594957
2594958
2594959
2594960
2594961
2594962
2594963
2594965
2594966
2594967
2594968
2594969
2594970
2594971
2594972
2594973
2594974
2594975
2594976
2594977
2594978
2594979
2594980
2594981
2594982
2594983
2594984
2594985
2594986
2594987
2594988
2594989
2594992
2594993
2594994
2594995
2594996
2594997
2594998
2594999
2595000
2595001
2595002
2595003
2595004
2595005
2595006
2595007
2595009
2595010
2595012
2595013
2595014
2595015
2595016
2595017
2595018
2595019
2595020
2595021
2595022
2595023
2595024
2595025
2595026
2595027
2595028
2595029
2595031
2595032
2595033
2595034
2595035
2595036
2595038
2595040
2595041
2595043
2622222
2622224
2622225
2622226
2622227
2622228
2622229
2622230
2622231
2622232
2622233
2622234
2622235
2622236
2622237
2622238
2622239
2622240
2622241
2622242
2622243
2622244
2622245
2622246
2622249
2627816
2627820
2627821
2627822
2627823
2627824
2627825
2627826
2627827
2627828
2627829
2627830
2627831
2627832
2627833
2627834
2627835
2627836
2627837
2627838
2627839
2627840
2627886
2627888
2627889
2627890
2627891
2627892
2627894
2627895
2627896
2627897
2628361
2628362
2628363
2628364
2628365
2628368
2628369
2628371
2628372
2628376
2642410
2642411
2642412
2642413
2642414
2642415
2642416
2642417
2642418
2642419
2642420
2642845
2642846
2642847
2642848
2642849
2642850
2642851
2642852
2642853
2643391
2643392
2643393
2643394
2643395
2643396
2643874
2643875
2643876
2643877
2643878
2643879
2643880
2643881
2643882
2643883
2643904
2643905
2644159
2644160
2644161
